0025 0025 0025 0025 0025 0025 0025 0025
0025 0025 0025 0025 0025 0025 0025 0025
0025 0025 0025 0025 0025 0025 0025 0025
0025 0025 0025 0025 0025 0025 0025 0025
0025 0025 0025 0025 0025 0025 0025 0025
0025 0025 0025 0025 0025 0025 0025 0025
0025 0025 0025 0025 0606 0606 0606 0606
0025 0025 0025 0025 0606 0606 0606 0606
0025 0025 0025 0025 0406 0606 0606 1306
0025 0025 0025 0025 0406 0606 0606 1306
0025 0025 0025 0025 0406 0606 0606 1306
0025 0025 0025 0025 0406 0606 0606 1306
0025 0025 0025 0025 0207 0606 0606 0707
